0.235042735042735 -0.0801282051282052 0.0801282051282052 0.0534188034188032 0.0160256410256410 0.0400641025641025 -0.106837606837607 -0.0160256410256410 0.0160256410256410 -0.0854700854700854 0.0801282051282051 0.00801282051282044 0.0534188034188033 -0.0400641025641026 -0.0160256410256410 -0.00534188034188049 0.00801282051282050 -0.00801282051282052 -0.0854700854700853 -0.00801282051282048 -0.0801282051282051 -0.0587606837606837 0.0400641025641026 -0.0400641025641026
-0.0801282051282052 0.235042735042735 -0.0801282051282053 -0.0160256410256411 -0.106837606837607 -0.0160256410256410 0.0160256410256411 0.0534188034188035 -0.0400641025641026 0.0801282051282051 -0.0854700854700857 -0.00801282051282047 -0.0400641025641026 0.0534188034188035 0.0160256410256411 -0.00801282051282052 -0.0854700854700856 0.0801282051282053 0.00801282051282054 -0.00534188034188026 0.00801282051282052 0.0400641025641026 -0.0587606837606838 0.0400641025641026
0.0801282051282052 -0.0801282051282053 0.235042735042735 0.0400641025641026 0.0160256410256411 0.0534188034188033 -0.0160256410256410 -0.0400641025641026 0.0534188034188035 -0.00801282051282059 0.00801282051282057 -0.00534188034188036 0.0160256410256410 -0.0160256410256410 -0.106837606837607 0.00801282051282050 0.0801282051282052 -0.0854700854700857 -0.0801282051282051 -0.00801282051282051 -0.0854700854700854 -0.0400641025641025 0.0400641025641026 -0.0587606837606838
0.0534188034188032 -0.0160256410256411 0.0400641025641026 0.235042735042735 0.0801282051282051 0.0801282051282050 -0.0854700854700854 -0.0801282051282051 0.00801282051282059 -0.106837606837607 0.0160256410256411 0.0160256410256410 -0.00534188034188036 -0.00801282051282052 -0.00801282051282051 0.0534188034188033 0.0400641025641025 -0.0160256410256411 -0.0587606837606836 -0.0400641025641025 -0.0400641025641025 -0.0854700854700853 0.00801282051282053 -0.0801282051282051
0.0160256410256410 -0.106837606837607 0.0160256410256411 0.0801282051282051 0.235042735042735 0.0801282051282050 -0.0801282051282051 -0.0854700854700855 0.00801282051282058 -0.0160256410256410 0.0534188034188036 0.0400641025641025 0.00801282051282050 -0.0854700854700855 -0.0801282051282051 0.0400641025641025 0.0534188034188034 -0.0160256410256411 -0.0400641025641025 -0.0587606837606837 -0.0400641025641025 -0.00801282051282048 -0.00534188034188026 -0.00801282051282054
0.0400641025641025 -0.0160256410256410 0.0534188034188033 0.0801282051282050 0.0801282051282050 0.235042735042735 -0.00801282051282042 -0.00801282051282045 -0.00534188034188031 -0.0160256410256410 0.0400641025641026 0.0534188034188034 0.00801282051282048 -0.0801282051282051 -0.0854700854700853 0.0160256410256409 0.0160256410256409 -0.106837606837607 -0.0400641025641025 -0.0400641025641025 -0.0587606837606836 -0.0801282051282050 0.00801282051282049 -0.0854700854700854
-0.106837606837607 0.0160256410256411 -0.0160256410256410 -0.0854700854700854 -0.0801282051282051 -0.00801282051282043 0.235042735042735 0.0801282051282051 -0.0801282051282052 0.0534188034188032 -0.0160256410256411 -0.0400641025641025 -0.0854700854700853 0.00801282051282054 0.0801282051282051 -0.0587606837606837 -0.0400641025641025 0.0400641025641026 0.0534188034188033 0.0400641025641025 0.0160256410256410 -0.00534188034188049 -0.00801282051282052 0.00801282051282052
-0.0160256410256410 0.0534188034188035 -0.0400641025641026 -0.0801282051282051 -0.0854700854700854 -0.00801282051282045 0.0801282051282051 0.235042735042735 -0.0801282051282053 0.0160256410256410 -0.106837606837607 -0.0160256410256409 -0.00801282051282048 -0.00534188034188027 0.00801282051282045 -0.0400641025641025 -0.0587606837606837 0.0400641025641026 0.0400641025641025 0.0534188034188034 0.0160256410256410 0.00801282051282049 -0.0854700854700856 0.0801282051282052
0.0160256410256410 -0.0400641025641026 0.0534188034188035 0.00801282051282059 0.00801282051282058 -0.00534188034188031 -0.0801282051282052 -0.0801282051282053 0.235042735042735 -0.0400641025641026 0.0160256410256411 0.0534188034188033 0.0801282051282051 -0.00801282051282058 -0.0854700854700854 0.0400641025641026 0.0400641025641026 -0.0587606837606838 -0.0160256410256410 -0.0160256410256410 -0.106837606837607 -0.00801282051282050 0.0801282051282052 -0.0854700854700857
-0.0854700854700854 0.0801282051282051 -0.00801282051282058 -0.106837606837607 -0.0160256410256410 -0.0160256410256410 0.0534188034188032 0.0160256410256410 -0.0400641025641026 0.235042735042735 -0.0801282051282052 -0.0801282051282050 -0.0587606837606837 0.0400641025641026 0.0400641025641025 -0.0854700854700854 -0.00801282051282048 0.0801282051282051 -0.00534188034188036 0.00801282051282050 0.00801282051282050 0.0534188034188033 -0.0400641025641026 0.0160256410256411
0.0801282051282051 -0.0854700854700857 0.00801282051282057 0.0160256410256411 0.0534188034188036 0.0400641025641026 -0.0160256410256411 -0.106837606837607 0.0160256410256411 -0.0801282051282052 0.235042735042735 0.0801282051282051 0.0400641025641026 -0.0587606837606838 -0.0400641025641026 0.00801282051282053 -0.00534188034188027 -0.00801282051282061 -0.00801282051282052 -0.0854700854700855 -0.0801282051282051 -0.0400641025641026 0.0534188034188035 -0.0160256410256411
0.00801282051282044 -0.00801282051282048 -0.00534188034188036 0.0160256410256410 0.0400641025641025 0.0534188034188034 -0.0400641025641025 -0.0160256410256409 0.0534188034188033 -0.0801282051282050 0.0801282051282051 0.235042735042735 0.0400641025641025 -0.0400641025641026 -0.0587606837606836 0.0801282051282050 0.00801282051282042 -0.0854700854700854 -0.00801282051282048 -0.0801282051282051 -0.0854700854700853 -0.0160256410256409 0.0160256410256409 -0.106837606837607
0.0534188034188033 -0.0400641025641026 0.0160256410256410 -0.00534188034188037 0.00801282051282050 0.00801282051282048 -0.0854700854700854 -0.00801282051282049 0.0801282051282051 -0.0587606837606837 0.0400641025641026 0.0400641025641025 0.235042735042735 -0.0801282051282052 -0.0801282051282050 0.0534188034188032 0.0160256410256410 -0.0400641025641025 -0.106837606837607 -0.0160256410256410 -0.0160256410256410 -0.0854700854700854 0.0801282051282052 -0.00801282051282056
-0.0400641025641026 0.0534188034188035 -0.0160256410256410 -0.00801282051282052 -0.0854700854700855 -0.0801282051282051 0.00801282051282054 -0.00534188034188028 -0.00801282051282058 0.0400641025641026 -0.0587606837606838 -0.0400641025641026 -0.0801282051282052 0.235042735042735 0.0801282051282051 -0.0160256410256411 -0.106837606837607 0.0160256410256411 0.0160256410256411 0.0534188034188036 0.0400641025641025 0.0801282051282052 -0.0854700854700856 0.00801282051282056
-0.0160256410256410 0.0160256410256410 -0.106837606837607 -0.00801282051282051 -0.0801282051282051 -0.0854700854700853 0.0801282051282051 0.00801282051282045 -0.0854700854700854 0.0400641025641025 -0.0400641025641026 -0.0587606837606836 -0.0801282051282050 0.0801282051282051 0.235042735042735 -0.0400641025641025 -0.0160256410256409 0.0534188034188032 0.0160256410256410 0.0400641025641025 0.0534188034188033 0.00801282051282042 -0.00801282051282046 -0.00534188034188044
-0.00534188034188049 -0.00801282051282052 0.00801282051282050 0.0534188034188033 0.0400641025641025 0.0160256410256409 -0.0587606837606837 -0.0400641025641025 0.0400641025641025 -0.0854700854700854 0.00801282051282053 0.0801282051282050 0.0534188034188032 -0.0160256410256410 -0.0400641025641025 0.235042735042735 0.0801282051282051 -0.0801282051282051 -0.0854700854700854 -0.0801282051282051 -0.00801282051282041 -0.106837606837607 0.0160256410256411 -0.0160256410256410
0.00801282051282050 -0.0854700854700856 0.0801282051282052 0.0400641025641025 0.0534188034188034 0.0160256410256409 -0.0400641025641025 -0.0587606837606837 0.0400641025641026 -0.00801282051282048 -0.00534188034188027 0.00801282051282042 0.0160256410256410 -0.106837606837607 -0.0160256410256409 0.0801282051282051 0.235042735042735 -0.0801282051282052 -0.0801282051282051 -0.0854700854700854 -0.00801282051282044 -0.0160256410256410 0.0534188034188035 -0.0400641025641026
-0.00801282051282052 0.0801282051282053 -0.0854700854700857 -0.0160256410256411 -0.0160256410256411 -0.106837606837607 0.0400641025641026 0.0400641025641026 -0.0587606837606838 0.0801282051282051 -0.00801282051282061 -0.0854700854700854 -0.0400641025641025 0.0160256410256411 0.0534188034188032 -0.0801282051282051 -0.0801282051282052 0.235042735042735 0.00801282051282058 0.00801282051282057 -0.00534188034188038 0.0160256410256410 -0.0400641025641026 0.0534188034188035
-0.0854700854700853 0.00801282051282054 -0.0801282051282051 -0.0587606837606836 -0.0400641025641025 -0.0400641025641025 0.0534188034188033 0.0400641025641025 -0.0160256410256410 -0.00534188034188036 -0.00801282051282052 -0.00801282051282048 -0.106837606837607 0.0160256410256411 0.0160256410256410 -0.0854700854700854 -0.0801282051282051 0.00801282051282058 0.235042735042735 0.0801282051282051 0.0801282051282049 0.0534188034188032 -0.0160256410256411 0.0400641025641025
-0.00801282051282049 -0.00534188034188026 -0.00801282051282051 -0.0400641025641025 -0.0587606837606837 -0.0400641025641025 0.0400641025641025 0.0534188034188034 -0.0160256410256410 0.00801282051282050 -0.0854700854700855 -0.0801282051282051 -0.0160256410256410 0.0534188034188036 0.0400641025641025 -0.0801282051282051 -0.0854700854700854 0.00801282051282056 0.0801282051282051 0.235042735042735 0.0801282051282050 0.0160256410256410 -0.106837606837607 0.0160256410256411
-0.0801282051282050 0.00801282051282052 -0.0854700854700854 -0.0400641025641025 -0.0400641025641025 -0.0587606837606836 0.0160256410256410 0.0160256410256410 -0.106837606837607 0.00801282051282050 -0.0801282051282051 -0.0854700854700853 -0.0160256410256410 0.0400641025641025 0.0534188034188033 -0.00801282051282041 -0.00801282051282044 -0.00534188034188038 0.0801282051282049 0.0801282051282050 0.235042735042735 0.0400641025641025 -0.0160256410256410 0.0534188034188032
-0.0587606837606837 0.0400641025641026 -0.0400641025641025 -0.0854700854700853 -0.00801282051282049 -0.0801282051282050 -0.00534188034188049 0.00801282051282050 -0.00801282051282050 0.0534188034188033 -0.0400641025641026 -0.0160256410256409 -0.0854700854700854 0.0801282051282052 0.00801282051282042 -0.106837606837607 -0.0160256410256410 0.0160256410256410 0.0534188034188032 0.0160256410256410 0.0400641025641025 0.235042735042735 -0.0801282051282052 0.0801282051282051
0.0400641025641026 -0.0587606837606838 0.0400641025641026 0.00801282051282053 -0.00534188034188026 0.00801282051282049 -0.00801282051282052 -0.0854700854700856 0.0801282051282052 -0.0400641025641026 0.0534188034188035 0.0160256410256410 0.0801282051282052 -0.0854700854700857 -0.00801282051282046 0.0160256410256411 0.0534188034188035 -0.0400641025641026 -0.0160256410256411 -0.106837606837607 -0.0160256410256410 -0.0801282051282052 0.235042735042735 -0.0801282051282053
-0.0400641025641026 0.0400641025641026 -0.0587606837606838 -0.0801282051282051 -0.00801282051282053 -0.0854700854700854 0.00801282051282052 0.0801282051282052 -0.0854700854700857 0.0160256410256411 -0.0160256410256411 -0.106837606837607 -0.00801282051282057 0.00801282051282056 -0.00534188034188044 -0.0160256410256410 -0.0400641025641026 0.0534188034188035 0.0400641025641025 0.0160256410256411 0.0534188034188032 0.0801282051282051 -0.0801282051282053 0.235042735042735